$ANSIBLE_VAULT;1.1;AES256
33306466356435633130636637636434353264336563383137343361346139646330386539346163
3633323035303331613937326264653061323936623961380a396264636531353336353531663931
38353162646630333064303631663133366237613732373263646532663732623336613633366534
3533623936366338630a643334303335393965376435336362393932323833616335346634383635
63623832303733333863383466646137393035386564623763623531653733333535646132316561
66313139373938396339666431343034343464356162383462393635336138343535386536666437
34383033633165326661363838623635626465336537343630316465333133346339393935633435
33336265373130333832663465333930313834663638336533643631313838613930616666313665
64306630373331326466363633613934623766613664303131353362393662656132353230383964
32336639333932393034323035306139323935626135353261623937313861636565653536653866
39393766633766363766643239343233383865643732633337303264616233323937666137326130
36373431623563363033366233383162646436363731396432396434663965643362303966373332
36313732343932383566383861313731666436303062393637613861353264633265633861636530
61626339393865343563386635363330343862623064623563363131363632633139363937393762
33333762346666323932383466363564393965323734396534326366653163353237353432653465
65643434383132663734653461326165353465346365613561653132643431626237373737316636
33653435663230666562326531643335386430306135616339633236663766356634386139303435
63616336643032303766366463306461313663636532383033393064646630336134353366636133
34656634323463396164396237393430643132623761383364393931663061353234353263373331
39646634643166313335333731643061653135613032623433393432343331616237613533326138
39633366373737623633646232353432353264643964636365396464666134326233323539656565
35303366663935313763326332343035353832396635303131653462666330326536373638346134
64633430323862366637646333376234326439626530396138383336663833396163366237633261
64303137613134386365
